9.90049 0.990113
9.80098 0.980232
9.70147 0.97036
9.60195 0.960502
9.50244 0.950662
9.40292 0.940844
9.3034 0.931054
9.20388 0.921302
9.10435 0.911596
9.00482 0.901952
8.90528 0.892387
8.80573 0.882925
8.70616 0.873598
8.60658 0.864447
8.50698 0.855522
8.40735 0.846882
8.3077 0.838587
8.20801 0.83069
8.10829 0.823216
8.00854 0.816135
7.90877 0.809354
7.80899 0.802716
7.70922 0.796034
7.60945 0.789131
7.50972 0.781875
7.41001 0.774194
7.31034 0.766069
7.21071 0.757523
7.11111 0.748601
7.01154 0.739358
6.91199 0.72985
6.81246 0.720128
6.71295 0.710234
6.61346 0.700205
6.51397 0.690069
6.4145 0.67985
6.31503 0.669565
6.21556 0.659229
6.1161 0.648851
6.01665 0.63844
5.91719 0.628004
5.81774 0.617546
5.71829 0.607071
5.61884 0.596583
5.5194 0.586083
5.41995 0.575573
5.3205 0.565056
5.22106 0.554532
5.12161 0.544002
5.02217 0.533468
4.92273 0.52293
4.82329 0.512389
4.72384 0.501844
4.6244 0.491298
4.52496 0.480749
4.42552 0.470198
4.32607 0.459646
4.22663 0.449092
4.12719 0.438537
4.02775 0.427982
3.92831 0.417425
3.82887 0.406868
3.72943 0.39631
3.62999 0.385752
3.53054 0.375194
3.4311 0.364635
3.33166 0.354077
3.23222 0.343519
3.13278 0.332961
3.03334 0.322405
2.9339 0.311849
2.83446 0.301295
2.73501 0.290742
2.63557 0.280193
2.53613 0.269647
2.43669 0.259107
2.33724 0.248574
2.2378 0.238052
2.13835 0.227544
2.0389 0.217059
1.93945 0.206609
1.83999 0.196213
1.74053 0.185911
1.64104 0.175775
1.54152 0.165965
1.44194 0.156868
1.3422 0.149655
1.2422 0.149389
1.15261 0.19382
1.0924 0.27366
1.02207 0.34475
0.933563 0.391299
0.835671 0.411722
0.735677 0.410566
0.637227 0.39303
0.541759 0.363267
0.449666 0.324294
0.360899 0.278246
0.275258 0.226617
0.192555 0.1704
0.112748 0.110144
0.0362285 0.0457639
-0.0340588 -0.0253677
-0.0247857 -0.0359174
0.0400359 0.0366854
0.0300817 0.0428912
-0.0377427 -0.0305925
-0.0285804 -0.0402557
0.037266 0.0324637
0.0267314 0.0406391
-0.0402224 -0.0336387
-0.0311846 -0.0429143
0.0354632 0.029548
0.0243608 0.0391221
-0.0411625 -0.0351988
-0.0314178 -0.0436809
0.0355353 0.0298564
0.0249927 0.0401923
-0.0399232 -0.0333975
-0.0288572 -0.041974
0.0376316 0.032686
0.0276458 0.0429129
-0.0380486 -0.0299058
-0.0257939 -0.040083
0.0392794 0.0346527
0.0283624 0.0443847
-0.0379638 -0.0291289
-0.0256056 -0.0409271
0.0384737 0.0328604
0.0255515 0.0428453
-0.0401976 -0.0320774
-0.0284623 -0.0437848
0.0365003 0.029165
0.0224582 0.0408102
-0.04145 -0.0342243
-0.0289502 -0.0447467
0.0365948 0.0295024
0.0233975 0.0421101
-0.0400206 -0.0317568
-0.0257793 -0.0426235
0.0388734 0.0328734
0.0262166 0.0449413
-0.0384581 -0.0283964
-0.0233067 -0.0415031
0.0394041 0.0333568
0.0248352 0.0447512
-0.0399199 -0.0303491
-0.0257087 -0.0440954
0.0375036 0.0293299
0.021083 0.042269
-0.0416889 -0.033401
-0.0270977 -0.0457073
0.0371433 0.0287901
0.0214964 0.0431384
-0.0404714 -0.0311382
-0.0238313 -0.0436022
0.0393499 0.0324433
0.0244485 0.0460137
-0.0390667 -0.0278039
-0.0216993 -0.0428167
0.0393959 0.032103
0.0220574 0.0449893
-0.0410381 -0.0310417
-0.0250131 -0.0459176
0.0374346 0.0277781
0.0187712 0.0429846
-0.0416989 -0.0326506
-0.0240933 -0.0458023
0.0386261 0.0302915
0.0217884 0.045799
-0.0397629 -0.02814
-0.0202713 -0.0434953
0.0399304 0.0324877
0.0216498 0.0464987
-0.0406064 -0.029302
-0.0223684 -0.0457674
0.0382859 0.0283259
0.0177452 0.0440464
-0.0419884 -0.0322327
-0.023042 -0.0467908
0.0385973 0.0290796
0.0195423 0.045887
-0.0405012 -0.0285193
-0.0193602 -0.0445383
0.0400721 0.031821
0.0203056 0.0471268
-0.0408357 -0.0286066
-0.020648 -0.0461541
0.0388252 0.0282585
0.0166568 0.0449246
-0.0421331 -0.0314623
-0.0214182 -0.0471947
0.0390836 0.0288171
0.0182942 0.0465905
-0.0408852 -0.0279737
-0.0180894 -0.045266
0.0401952 0.0309326
0.0183767 0.0472688
-0.0415228 -0.0288604
-0.019875 -0.0471102
0.0390594 0.0274286
0.0154025 0.0455874
-0.0421512 -0.0303336
-0.0191291 -0.0470302
0.0399643 0.0295409
0.0178326 0.0477813
-0.0411264 -0.0269501
-0.0169676 -0.0460809
0.040084 0.0292238
0.0155354 0.0467236
-0.0424592 -0.0300176
-0.0193763 -0.0482231
0.0393812 0.0269915
0.0149231 0.0467519
-0.0418488 -0.0281228
-0.0161614 -0.0464251
0.0407163 0.030284
0.0165366 0.0484295
-0.0418481 -0.0273932
-0.0170852 -0.0476596
0.0397539 0.02679
0.0129511 0.0464303
-0.0426548 -0.0296914
-0.0167517 -0.0478795
0.0404954 0.0288931
0.0155641 0.0486856
-0.0417269 -0.0261413
-0.0147649 -0.0471034
0.0403784 0.0278814
0.0124924 0.0471334
-0.042959 -0.0297402
-0.0167507 -0.048893
0.040181 0.0271175
0.0135062 0.048265
-0.0420546 -0.0263246
-0.0133412 -0.0470826
0.0408678 0.0288547
0.0126218 0.0482132
-0.0428996 -0.0286367
-0.0157822 -0.0491764
0.0401783 0.026034
0.0115388 0.047926
-0.04247 -0.0269104
-0.012505 -0.0474477
0.0411555 0.0291671
0.0124584 0.0490613
-0.0428071 -0.0274505
-0.0143981 -0.049203
0.0403452 0.0255147
0.00991639 0.0478328
-0.0427912 -0.0273358
-0.0117282 -0.0478923
0.0413106 0.0291067
0.0118386 0.0496081
-0.0428115 -0.026669
-0.0130673 -0.0493027
0.0405127 0.0251814
0.0085229 0.0479179
-0.04297 -0.0274253
-0.0106693 -0.0481916
0.0414118 0.0290663
0.0108819 0.0499732
-0.0429019 -0.0263785
-0.0119747 -0.0495885
0.0406154 0.0248269
0.00725912 0.0481226
-0.0430132 -0.0271406
-0.0092065 -0.0482676
0.0414691 0.0291723
0.00959233 0.0501756
-0.0430509 -0.0266412
-0.0111383 -0.0500695
0.0406584 0.0245053
0.0061971 0.0484882
-0.0429472 -0.0264451
-0.00741564 -0.0481806
0.0414263 0.0291941
0.00776237 0.0500641
-0.0432241 -0.0275541
-0.0103861 -0.0506428
0.040694 0.0245906
0.00557301 0.0491351
-0.0428259 -0.025435
-0.00569729 -0.0481877
0.0412415 0.0285772
0.00523798 0.0494799
-0.0433017 -0.0288285
-0.00913188 -0.0509306
0.0408126 0.0257153
0.00549845 0.0501027
-0.0427335 -0.0246721
-0.00479607 -0.0487039
0.0409963 0.0269552
0.00253803 0.0487456
-0.0431275 -0.0292039
-0.00653421 -0.0502898
0.0410247 0.0280213
0.00527606 0.0510164
-0.0427694 -0.0252296
-0.00513132 -0.0499165
0.040792 0.0250528
0.000874045 0.0487261
-0.0428386 -0.0275285
-0.00292987 -0.0489429
0.0409853 0.0295624
0.0030096 0.0506753
-0.0429033 -0.0278963
-0.00549422 -0.0511738
0.0406541 0.025166
0.00113938 0.0499129
-0.0426597 -0.0252485
-0.000851583 -0.0487242
0.0407144 0.0277997
-0.00103498 0.0490195
-0.0426615 -0.0297606
-0.00283894 -0.0505231
0.0406239 0.0286481
0.00160107 0.0512851
-0.0425461 -0.0259465
-0.00178703 -0.050349
0.0405383 0.0252363
-0.00267109 0.0490159
-0.0424112 -0.0271442
0.00157105 -0.0486183
0.0403191 0.0297706
-0.00218911 0.0498719
-0.0422891 -0.0299977
-0.00140576 -0.0512013
0.040238 0.0275923
-0.00132386 0.0509167
-0.0422714 -0.025757
0.00170707 -0.0496334
0.0402434 0.026342
-0.00557704 0.0486152
-0.0419338 -0.0286629
0.00371368 -0.0487106
0.0397498 0.0307788
-0.00414025 0.0501697
-0.0417601 -0.0302426
0.00101464 -0.0511846
0.0398062 0.0277941
-0.00414353 0.0506133
-0.0418883 -0.0263747
0.00449642 -0.049305
0.0397896 0.0271477
-0.00824907 0.048321
-0.0413461 -0.0293832
0.0064859 -0.0483465
0.0390173 0.0315128
-0.00714811 0.0496729
-0.0409783 -0.0314033
0.00392065 -0.0508214
0.0391179 0.0292887
-0.00655403 0.0505755
-0.0412936 -0.0275384
0.00662728 -0.049374
0.03924 0.0276118
-0.0106858 0.0481404
-0.0407768 -0.0293441
0.00970521 -0.0476004
0.038229 0.0317026
-0.0111504 0.0483072
-0.0398639 -0.0329295
0.00781177 -0.0496317
0.0379397 0.0321145
-0.00920904 0.0503916
-0.0402519 -0.0300258
0.00823661 -0.0498234
0.0384173 0.0286889
-0.0123413 0.0484745
-0.0402254 -0.0290885
0.0123234 -0.0472331
0.0376781 0.0308538
-0.0152484 0.0467149
-0.0388587 -0.0330302
0.0129893 -0.0471547
0.0363414 0.0345747
-0.0138311 0.0485242
-0.0383534 -0.0341806
0.0110022 -0.0494907
0.0366826 0.0323563
-0.0136225 0.0491939
-0.0390103 -0.0308143
0.0134 -0.0479938
0.0369807 0.0305809
-0.0174226 0.0465577
-0.0384292 -0.0317239
0.01697 -0.0454908
0.0355614 0.0337219
-0.0194775 0.0452695
-0.0365716 -0.0357042
0.0170264 -0.0459488
0.0340184 0.0368657
-0.0180173 0.0473257
-0.0361137 -0.0362788
0.0154507 -0.048138
0.0345468 0.0345851
-0.0181535 0.0477002
-0.0369246 -0.0332527
0.0178224 -0.0464186
0.0348772 0.03304
-0.0217287 0.0448666
-0.0362507 -0.0340203
0.021317 -0.043603
0.0332314 0.035785
-0.0241033 0.0430301
-0.0339695 -0.0377403
0.0220801 -0.0433102
0.0310022 0.0393186
-0.0233615 0.0445205
-0.0327071 -0.0395712
0.0205936 -0.0457177
0.0310435 0.0384895
-0.0226315 0.0459634
-0.033621 -0.0369947
0.0216679 -0.0450719
0.0318836 0.0361169
-0.0253323 0.0434615
-0.0335596 -0.0363726
0.0250604 -0.0418329
0.0306899 0.0375126
-0.0283297 0.040566
-0.0313141 -0.039206
0.0270118 -0.0399777
0.0278493 0.0410742
-0.0289366 0.0403977
-0.0286884 -0.0424197
0.0263374 -0.0415745
0.0262893 0.0427385
-0.0277368 0.0428708
-0.0287238 -0.0417722
0.0257186 -0.0431831
0.0273825 0.0403437
-0.0286134 0.0421677
-0.0297011 -0.0395852
0.0280703 -0.0404949
0.027388 0.0397321
-0.0315345 0.0386689
-0.0283369 -0.0407593
0.0307194 -0.0372429
0.0248252 0.0423094
-0.0332922 0.0365814
-0.0250795 -0.0439817
0.0312839 -0.0369006
0.0216879 0.0453426
-0.0328066 0.038232
-0.0232108 -0.0456406
0.0302492 -0.039647
0.021652 0.0447615
-0.0322318 0.0400122
-0.0244693 -0.0434755
0.0309447 -0.0390465
0.0228843 0.0426548
-0.0341276 0.0371567
-0.0244607 -0.0428661
0.0333803 -0.0352575
0.0212901 0.0438327
-0.0362269 0.0338364
-0.0214878 -0.0452905
0.0346003 -0.0333665
0.0176231 0.0468324
-0.0364297 0.0341584
-0.0183617 -0.0477874
0.0339393 -0.0357751
0.0162351 0.0476463
-0.0356122 0.0370771
-0.0191093 -0.046487
0.0338125 -0.0369186
0.0179744 0.045259
-0.0366067 0.0352467
-0.0200015 -0.0449973
0.0356634 -0.0331851
0.0170728 0.0456056
-0.0384327 0.0314593
-0.0172615 -0.0468797
0.0368042 -0.0307838
0.0132324 0.048339
-0.0386844 0.0315631
-0.0138208 -0.0492815
0.0362802 -0.0333631
0.0117371 0.0491005
-0.0380199 0.034795
-0.0148079 -0.0478883
0.0362129 -0.034516
0.013771 0.0467034
-0.0388774 0.032594
-0.0156179 -0.0466152
0.0377069 -0.0304512
0.0123363 0.0474141
-0.0401635 0.0290297
-0.0122166 -0.0487547
0.0382343 -0.0291041
0.00828021 0.0500027
-0.0400085 0.0308047
-0.00971287 -0.0502358
0.0377047 -0.032753
0.00865072 0.0491666
-0.0397253 0.0329705
-0.0118646 -0.04794
0.038213 -0.0313498
0.0100629 0.0475335
-0.040775 0.0290245
-0.0107309 -0.0482903
0.0391713 -0.0275966
0.00656653 0.0496003
-0.041168 0.0279484
-0.00671641 -0.0506724
0.0389582 -0.0299249
0.00448126 0.0506198
-0.0408242 0.0317526
-0.00785116 -0.049344
0.0389399 -0.0313998
0.00698674 0.0481833
-0.0413183 0.0291124
-0.00845392 -0.0483668
0.0397457 -0.0270289
0.00453098 0.0494637
-0.0418155 0.0265777
-0.00426654 -0.0507284
0.0397106 -0.0282414
0.00142631 0.0511055
-0.0416511 0.0305674
-0.00471744 -0.049956
0.0396711 -0.0307576
0.0041707 0.0485887
-0.0418914 0.0284943
-0.00581756 -0.0486413
0.0402022 -0.0262726
0.00182637 0.0497373
-0.0422243 0.0259085
-0.00151571 -0.0509852
0.0401812 -0.0278838
-0.00102288 0.0511409
-0.0422147 0.0301657
-0.00263029 -0.0497605
0.0402602 -0.0297413
0.00190774 0.0485838
-0.0423742 0.0270849
-0.00290074 -0.0490495
0.0405068 -0.0252613
-0.00157994 0.0503992
-0.0425161 0.0260663
0.001327 -0.0512993
0.0405815 -0.0287702
-0.00251082 0.0504952
-0.0426104 0.0298054
-0.00133569 -0.0490069
0.0406781 -0.027822
-0.000580618 0.0487317
-0.0426397 0.0252886
0.000861037 -0.0499185
0.0406364 -0.025195
-0.00521538 0.0511812
-0.0428695 0.027894
0.00278029 -0.0507147
0.0409479 -0.0296037
-0.00271346 0.0489879
-0.0428159 0.0276429
0.000584475 -0.0487229
0.0407857 -0.0251399
-0.00477288 0.0498752
-0.0427511 0.025178
0.00499124 -0.0510167
0.0409864 -0.0279038
-0.00640823 0.0504009
-0.0431113 0.0292788
0.00236574 -0.0488208
0.0409955 -0.0271551
-0.00444506 0.0486604
-0.0427386 0.0247316
0.0050861 -0.0500268
0.0407867 -0.0255228
-0.00892953 0.0509806
-0.0432707 0.0286732
0.00522044 -0.0496593
0.0412477 -0.0287716
-0.00549669 0.0482308
-0.0428521 0.025675
0.00511628 -0.0490329
0.0406978 -0.024511
-0.00999495 0.0505751
-0.0431562 0.02721
0.0077808 -0.0502613
0.0414184 -0.0292404
-0.00740347 0.0483529
-0.0429927 0.0268256
0.00577278 -0.0484072
0.0406899 -0.0246036
-0.0105802 0.0499125
-0.0429559 0.0262298
0.00954507 -0.0503296
0.0414234 -0.0290386
-0.00934141 0.0485563
-0.0430793 0.0276115
0.00687028 -0.0480729
0.0406701 -0.0250699
-0.0112884 0.0493675
-0.0427815 0.0259214
0.0107861 -0.0501049
0.0413304 -0.0288177
-0.0109076 0.0485686
-0.0430645 0.0279918
0.00810944 -0.0478657
0.040585 -0.0254868
-0.0122743 0.0490259
-0.0426485 0.0260994
0.011801 -0.049789
0.0412206 -0.0288606
-0.0120345 0.0483254
-0.0429291 0.0280433
0.00937881 -0.0477126
0.0404151 -0.025757
-0.0135408 0.0488892
-0.0425752 0.0266907
0.0126287 -0.049396
0.0411075 -0.0291199
-0.012783 0.0478597
-0.0426533 0.027767
0.0107672 -0.0476668
0.0401847 -0.0260241
-0.0150107 0.0489165
-0.0426033 0.0277422
0.0130877 -0.0487842
0.0409207 -0.0292693
-0.01336 0.0473187
-0.0422364 0.0271873
0.0124648 -0.0478512
0.0400082 -0.026648
-0.0163804 0.048919
-0.0427144 0.0291093
0.0130381 -0.0478125
0.0405401 -0.0288078
-0.0142434 0.047022
-0.0417797 0.0266355
0.0145036 -0.048288
0.0400975 -0.0280371
-0.017014 0.0484258
-0.0426546 0.0299699
0.0129552 -0.0467815
0.0399393 -0.0277176
-0.0159754 0.047273
-0.0415724 0.0269701
0.0162077 -0.0485439
0.040421 -0.0298599
-0.0166094 0.0471292
-0.04208 0.0292289
0.0140157 -0.0465241
0.0393471 -0.0271268
-0.0183876 0.0479481
-0.0419508 0.0290427
0.0161429 -0.0475873
0.0402209 -0.0301805
-0.0165132 0.0461279
-0.0412173 0.0277047
0.0165306 -0.0473017
0.0394062 -0.0285856
-0.0194516 0.0477469
-0.0421836 0.0308328
0.0152142 -0.0459078
0.0392599 -0.0283741
-0.0185268 0.0466353
-0.0410129 0.0280826
0.0184558 -0.0477713
0.0400371 -0.0310803
-0.0182359 0.0458045
-0.0411408 0.0291526
0.0169643 -0.0461284
0.0386906 -0.0282611
-0.0211278 0.0474891
-0.0418486 0.0311993
0.0169826 -0.0456834
0.0391111 -0.029545
-0.0193824 0.045755
-0.0404558 0.0283203
0.0198186 -0.047274
0.0396137 -0.0314274
-0.0198159 0.0454392
-0.0408408 0.0299745
0.0181416 -0.0454804
0.0382423 -0.0288038
-0.0223583 0.0469263
-0.0414539 0.0316766
0.0182675 -0.0451189
0.0386358 -0.0299834
-0.0208541 0.0453409
-0.0400939 0.0291231
0.0209709 -0.0466863
0.0392766 -0.0320985
-0.0207646 0.0446324
-0.0401545 0.0299987
0.0199419 -0.0453137
0.0379681 -0.0299064
-0.0234335 0.0462565
-0.0411106 0.0324851
0.0190049 -0.044122
0.0377645 -0.0296813
-0.022966 0.0454332
-0.040055 0.0305732
0.0217032 -0.0457938
0.038879 -0.0326488
-0.0214693 0.0436629
-0.0391891 0.0295157
0.0223352 -0.0456265
0.0381545 -0.0318245
-0.0237535 0.0448937
-0.0403334 0.0324752
0.0202907 -0.0435005
0.0368861 -0.0296906
-0.0253082 0.0457
-0.0404583 0.0328476
0.0213338 -0.043879
0.0376642 -0.0315368
-0.0236136 0.0438685
-0.0389236 0.0304652
0.0238472 -0.0454152
0.0384303 -0.0336717
-0.0231905 0.0428249
-0.0386217 0.0306281
0.0236217 -0.0445502
0.0373309 -0.0322959
-0.025558 0.0442445
-0.0398004 0.033415
0.0218218 -0.0425648
0.0361203 -0.0304511
-0.0269752 0.0449886
-0.0399862 0.0338745
0.0225745 -0.0427294
0.036737 -0.0318255
-0.0256536 0.0434182
-0.0385325 0.0317792
0.0250249 -0.0443383
0.0377807 -0.0343211
-0.0245103 0.0417869
-0.0375759 0.0308497
0.0259377 -0.0443965
0.0373798 -0.0342695
-0.0259261 0.0422859
-0.038293 0.0327877
0.0245566 -0.0426079
0.0358425 -0.0323228
-0.0281468 0.0437928
-0.0393524 0.0349737
0.023417 -0.0411335
0.03508 -0.0312864
-0.0288847 0.0439859
-0.0392232 0.034853
0.0244186 -0.0415622
0.0357915 -0.032725
-0.0276647 0.0424491
-0.0377979 0.0330263
0.0266108 -0.0430562
0.0368632 -0.0350726
-0.0264099 0.0406901
-0.0365266 0.0317509
0.0280674 -0.0436586
0.0370286 -0.0359719
-0.0268385 0.0402425
-0.0364848 0.0324324
0.0278274 -0.0426838
0.0359854 -0.0350554
-0.0285872 0.0412046
-0.0373811 0.034466
0.0265345 -0.0409261
0.0345099 -0.0334286
-0.0304292 0.0425048
-0.0383484 0.0362876
0.025539 -0.0395271
0.0336212 -0.0323612
-0.031421 0.0430163
-0.0386487 0.0368004
0.0257116 -0.0392379
0.0337392 -0.0326527
-0.0311746 0.0423397
-0.0379619 0.0359608
0.0270149 -0.0400525
0.0345691 -0.0341961
-0.0300813 0.0408448
-0.0366008 0.0345174
0.0287204 -0.0412001
0.035373 -0.0359362
-0.0292697 0.0394489
-0.0354941 0.0336719
0.0299893 -0.0418044
0.0357218 -0.0370945
-0.0290827 0.0384992
-0.0347654 0.0334418
0.0307659 -0.0418193
0.0355977 -0.0376099
-0.0295025 0.0380805
-0.0344896 0.0338558
0.0310127 -0.0413002
0.0350482 -0.0375776
-0.0303085 0.0381093
-0.0345257 0.0346636
0.0309331 -0.0405126
0.0343026 -0.0372991
-0.0311618 0.0382945
-0.0345916 0.0354554
0.0309004 -0.0398391
0.0337182 -0.0372109
-0.0317997 0.0383366
-0.0345374 0.0360466
0.0309802 -0.0393269
0.0332464 -0.0372456
-0.0322992 0.0382778
-0.0344017 0.0365032
0.0311381 -0.0389228
0.0328541 -0.0373648
-0.0327063 0.0381457
-0.0342074 0.0368681
0.0313506 -0.0385922
0.0325169 -0.0375429
-0.0330518 0.0379604
-0.0339709 0.0371718
0.0315998 -0.03831
0.0322154 -0.0377601
-0.0333584 0.0377388
-0.033706 0.0374382
0.0318704 -0.0380555
0.0319324 -0.0379988
-0.0336447 0.0374971
-0.0334264 0.0376873
0.0321476 -0.0378102
0.0316526 -0.0382419
-0.0339247 0.0372494
-0.033142 0.0379319
0.0324234 -0.0375644
0.0313696 -0.0384826
-0.0342033 0.0370014
-0.0328567 0.0381766
0.0326946 -0.0373146
0.0310816 -0.0387185
-0.0344825 0.0367559
-0.0325735 0.0384239
0.0329586 -0.0370579
0.0307857 -0.0389461
-0.0347651 0.0365172
-0.0322965 0.0386773
0.0332115 -0.0367902
0.0304785 -0.0391607
-0.035054 0.0362906
-0.0320304 0.0389403
0.0334493 -0.0365076
0.0301569 -0.039358
-0.0353511 0.036081
-0.0317796 0.0392148
0.0336694 -0.0362082
0.0298199 -0.0395359
-0.0356557 0.0358905
-0.0315449 0.0394996
0.0338726 -0.0358944
0.0294713 -0.039697
-0.0359627 0.0357154
-0.0313215 0.0397873
0.0340656 -0.035576
0.0291212 -0.0398513
-0.0362613 0.0355428
-0.0310958 0.0400642
0.0342613 -0.0352706
0.0287861 -0.0400163
-0.0365369 0.0353518
-0.0308476 0.0403122
0.0344772 -0.0349996
0.0284845 -0.0402126
-0.036776 0.0351183
-0.0305566 0.0405162
0.0347278 -0.0347787
0.0282272 -0.0404538
-0.0369752 0.0348284
-0.0302148 0.0406747
0.0350147 -0.0346047
0.0280059 -0.0407347
-0.0371487 0.0344929
-0.0298381 0.0408091
0.035318 -0.0344463
0.0277867 -0.0410244
-0.0373287 0.0341535
-0.0294684 0.0409609
0.0356001 -0.0342514
0.0275216 -0.0412764
-0.0375509 0.0338673
-0.0291543 0.0411708
0.0358273 -0.0339765
0.0271799 -0.0414573
-0.037828 0.0336664
-0.0289133 0.0414443
0.0359992 -0.0336285
0.0267831 -0.0415824
-0.0381287 0.0335178
-0.0287007 0.0417331
0.0361618 -0.0332803
0.0264063 -0.0417193
-0.0383912 0.0333305
-0.0284313 0.0419626
0.0363767 -0.0330217
0.0261201 -0.0419354
-0.0385785 0.0330321
-0.0280596 0.0421033
0.0366587 -0.0328638
0.0259085 -0.0422222
-0.038727 0.0326595
-0.0276465 0.0422181
0.0369444 -0.0327018
0.0256602 -0.0424836
-0.0389219 0.0323473
-0.0273131 0.0424099
0.0371536 -0.0324158
0.0252884 -0.0426396
-0.0391977 0.0321722
-0.0270912 0.0426912
0.0372966 -0.0320345
0.0248618 -0.0427425
-0.0394762 0.032025
-0.0268498 0.0429452
0.037478 -0.0317323
0.0245393 -0.0429285
-0.0396627 0.0317362
-0.0264663 0.0430804
0.0377499 -0.0315812
0.024331 -0.0432125
-0.0397977 0.031345
-0.0260362 0.0431879
0.0380133 -0.0314048
0.0240462 -0.0434402
-0.0400096 0.0310756
-0.0257464 0.0434131
0.0381722 -0.03105
0.0236078 -0.0435418
-0.0402924 0.030949
-0.0255349 0.0436905
0.0383161 -0.0306875
0.0232247 -0.0436808
-0.0404972 0.0307049
-0.0251705 0.0438427
0.0385658 -0.030521
0.0230095 -0.0439529
-0.040621 0.0303013
-0.0247194 0.0439368
0.0388205 -0.0303516
0.0227151 -0.0441699
-0.0408297 0.0300431
-0.0244414 0.0441669
0.0389586 -0.0299697
0.0222491 -0.0442525
-0.041099 0.0299228
-0.0242071 0.0444195
0.0391183 -0.0296497
0.0219156 -0.0444297
-0.0412547 0.029599
-0.0237654 0.0445173
0.0393839 -0.0295316
0.0217042 -0.0447019
-0.0413921 0.0292194
-0.0233714 0.0446596
0.0395676 -0.0292441
0.0212794 -0.04482
-0.0416494 0.0290872
-0.0231624 0.0449301
0.0396876 -0.0288481
0.0208578 -0.0449339
-0.0418392 0.0288451
-0.0227655 0.0450604
0.0399292 -0.0287088
0.0206511 -0.0452025
-0.0419533 0.0284304
-0.0223218 0.0451666
0.0401272 -0.0284669
0.0202482 -0.045337
-0.0421933 0.028283
-0.0221078 0.045429
0.0402377 -0.0280566
0.019805 -0.0454374
-0.042379 0.028049
-0.0217016 0.0455535
0.0404723 -0.0279258
0.019598 -0.0457006
-0.0424911 0.0276362
-0.0212664 0.0456667
0.040647 -0.0276508
0.0191516 -0.0458052
-0.0427324 0.0275214
-0.0210515 0.0459216
0.0407652 -0.0272703
0.0187548 -0.0459368
-0.0428778 0.0272122
-0.0205755 0.0460018
0.0410044 -0.027172
0.018524 -0.0461808
-0.0430164 0.0268665
-0.0202259 0.046171
0.0411257 -0.0267907
0.0180026 -0.0462357
-0.0432465 0.0267661
-0.019943 0.0463745
0.0412916 -0.026544
0.0177349 -0.046449
-0.0433421 0.0263401
-0.0194287 0.0464357
0.0414915 -0.0263691
0.0173511 -0.0465935
